$ANSIBLE_VAULT;1.1;AES256
65343265656630323966303932366133363230386236656532353665633662376564376137343962
3737373562396161643339323237303962626465313434660a623130653338626565633736373864
62303736653461316137623732346231636266653066626337343837303962656561346462666365
3232393138343261360a633131393932306633623132313862633136376535333664373965613235
31376534316661306130386337666137366235343761363437336539383761356234386236336362
37623566356434663733386339616331396231653839633238333336373035303465633961376263
32333461393466333136666634626562353932643732376264303762306231306639643964643664
33623034323933343637653730396333646536613235626561363261623863386561356362653864
36393864653531303834633461656663393231336333663030663234643662306233333835376162
30663463343439643864303863316364356561306234653262396438346337386533343236666534
64613362336434643834323433353633376630616362646666643131366661633061313963663566
32663338376338616534306136373062363438303361396136383864613438373036396461303333
31636134666666613163383133633064313064623135306136333831306633373332633135323733
36363636396132383739343134623732626362373639343332623639633566386264373035356438
31386230313666336663653532396536383330386564643664633466353038366531353134613466
61383237646532633735316461363363633335623966343031383133633066626436643061623738
34333233346539633238323264656431343361356635643339633237346661643036306238643037
35323661623834613963306238646361633232303336623133656232346236323532353938326161
31323965313235656435383130623438313634656431643261316666653364313530356333333936
31666564306334313633373330643662333436326661353361393230626337353339393166313236
38376337393033333832373639626536323361323961616132346534333162363363363533663639
34393033353665386234343764343462396231663839613263366663643865343331663038393230
38316232323633363032653565353438333531316265333732663437366638653037383263316336
38323365323330373538666134343866366362333931613534633662373632656136363437623564
30336233633132333162373964326430616331646165623735343134373135376231613939633964
39663433373762663363306666333263333631373630626461613839643464343531383331333663
61396537366164656537333763656532633362633465613362313262393339623239393237626238
61333937303335663038613530303531313466386462353934366261306465303565313932653032
63363161353662626430623639626164303639643630373234626537653833396564623263356637
35626663353533663532633265396564613838376338613866376363373062643265616339386134
38346439646236323332663532303035663037333666633161633461623635386633613164653638
31363762646237343665323031356432343134663436336461316432626439373031613835626337
3766
